name: virsorter
channels:
  - conda-forge
  - bioconda
  - defaults
dependencies:
  - _libgcc_mutex=0.1=conda_forge
  - _openmp_mutex=4.5=1_llvm
  - blast=2.9.0=h20b68b9_1
  - boost=1.68.0=py37h8619c78_1001
  - boost-cpp=1.68.0=h11c811c_1000
  - bzip2=1.0.8=h516909a_2
  - ca-certificates=2020.4.5.2=hecda079_0
  - certifi=2020.4.5.2=py37hc8dfbb8_0
  - diamond=0.9.14=hd28b015_2
  - gmp=6.2.0=he1b5a44_2
  - gnutls=3.6.13=h79a8f9a_0
  - hmmer=3.1b2=3
  - icu=58.2=hf484d3e_1000
  - ld_impl_linux-64=2.34=h53a641e_5
  - libblas=3.8.0=16_openblas
  - libcblas=3.8.0=16_openblas
  - libffi=3.2.1=he1b5a44_1007
  - libgcc=7.2.0=h69d50b8_2
  - libgcc-ng=9.2.0=h24d8f2e_2
  - libgfortran-ng=7.5.0=hdf63c60_6
  - liblapack=3.8.0=16_openblas
  - libopenblas=0.3.9=h5ec1e0e_0
  - libstdcxx-ng=9.2.0=hdf63c60_2
  - llvm-openmp=10.0.0=hc9558a2_0
  - mcl=14.137=pl526h516909a_5
  - metagene_annotator=1.0=h516909a_3
  - muscle=3.8.1551=hc9558a2_5
  - ncurses=6.1=hf484d3e_1002
  - nettle=3.4.1=h1bed415_1002
  - numpy=1.18.5=py37h8960a57_0
  - openssl=1.1.1g=h516909a_0
  - pcre=8.44=he1b5a44_0
  - perl=5.26.2=h516909a_1006
  - perl-apache-test=1.40=pl526_1
  - perl-app-cpanminus=1.7044=pl526_1
  - perl-archive-tar=2.32=pl526_0
  - perl-base=2.23=pl526_1
  - perl-bioperl=1.6.924=4
  - perl-carp=1.38=pl526_3
  - perl-class-load=0.25=pl526_0
  - perl-class-load-xs=0.10=pl526h6bb024c_2
  - perl-class-method-modifiers=2.12=pl526_0
  - perl-common-sense=3.74=pl526_2
  - perl-compress-raw-bzip2=2.087=pl526he1b5a44_0
  - perl-compress-raw-zlib=2.087=pl526hc9558a2_0
  - perl-constant=1.33=pl526_1
  - perl-data-optlist=0.110=pl526_2
  - perl-devel-globaldestruction=0.14=pl526_0
  - perl-devel-overloadinfo=0.005=pl526_0
  - perl-devel-stacktrace=2.04=pl526_0
  - perl-dist-checkconflicts=0.11=pl526_2
  - perl-eval-closure=0.14=pl526h6bb024c_4
  - perl-exporter=5.72=pl526_1
  - perl-exporter-tiny=1.002001=pl526_0
  - perl-extutils-makemaker=7.36=pl526_1
  - perl-file-path=2.16=pl526_0
  - perl-file-temp=0.2304=pl526_2
  - perl-file-which=1.23=pl526_0
  - perl-getopt-long=2.50=pl526_1
  - perl-io-compress=2.087=pl526he1b5a44_0
  - perl-io-zlib=1.10=pl526_2
  - perl-json=4.02=pl526_0
  - perl-json-xs=2.34=pl526h6bb024c_3
  - perl-list-moreutils=0.428=pl526_1
  - perl-list-moreutils-xs=0.428=pl526_0
  - perl-module-implementation=0.09=pl526_2
  - perl-module-runtime=0.016=pl526_1
  - perl-module-runtime-conflicts=0.003=pl526_0
  - perl-moo=2.003004=pl526_0
  - perl-moose=2.2011=pl526hf484d3e_1
  - perl-mro-compat=0.13=pl526_0
  - perl-package-deprecationmanager=0.17=pl526_0
  - perl-package-stash=0.38=pl526hf484d3e_1
  - perl-package-stash-xs=0.28=pl526hf484d3e_1
  - perl-parallel-forkmanager=2.02=pl526_0
  - perl-params-util=1.07=pl526h6bb024c_4
  - perl-parent=0.236=pl526_1
  - perl-pathtools=3.75=pl526h14c3975_1
  - perl-role-tiny=2.000008=pl526_0
  - perl-scalar-list-utils=1.52=pl526h516909a_0
  - perl-storable=3.15=pl526h14c3975_0
  - perl-sub-exporter=0.987=pl526_2
  - perl-sub-exporter-progressive=0.001013=pl526_0
  - perl-sub-identify=0.14=pl526h14c3975_0
  - perl-sub-install=0.928=pl526_2
  - perl-sub-name=0.21=pl526_1
  - perl-sub-quote=2.006003=pl526_1
  - perl-threaded=5.26.0=0
  - perl-try-tiny=0.30=pl526_1
  - perl-types-serialiser=1.0=pl526_2
  - perl-xsloader=0.24=pl526_0
  - perl-yaml=1.29=pl526_0
  - pip=20.1.1=py_1
  - python=3.7.6=cpython_h8356626_6
  - python_abi=3.7=1_cp37m
  - readline=8.0=hf8c457e_0
  - setuptools=47.3.1=py37hc8dfbb8_0
  - sqlite=3.30.1=hcee41ef_0
  - tk=8.6.10=hed695b0_0
  - wheel=0.34.2=py_1
  - xz=5.2.5=h516909a_0
  - zlib=1.2.11=h516909a_1006
  - pip:
    - biopython==1.77
    - joblib==0.15.1
    - phispy==4.1.0
    - scikit-learn==0.23.1
    - threadpoolctl==2.1.0
prefix: /home3/redwards/anaconda3/envs/virsorter

